# Baseline vs IPA
# Col1: Time (minutes)
# Col2: #Intersections

========================
Baseline
========================

dim=3
10	26902
15	28517
20	29800
25	30659
30	31154
35	31639
40	32162
45	33169
50	37819


dim=4
10	1139
15	1210
20	1272
25	1305
30	1323
35	1341
40	1358
45	1376
50	1393


========================
IPA
========================

dim=3
10	36610
15	43578
20	49437
25	54530
30	58492
35	62238
40	65603
45	68683
50	71973


dim=4
10	1668
15	1899
20	2095
25	2239
30	2367
35	2478
40	2573
45	2664
50	2745