# Simplex vs Vertex
# Col1: Time (minutes)
# Col2: #Intersections

========================
Simplex
========================

dim=3
5	307
10	379
15	430
20	470
25	494
30	516
35	536
40	563
45	583
50	598
55	612

dim=4
5	113
10	134
15	148
20	157
25	165
30	170
35	175
40	184
45	188
50	195
55	199


========================
Vertex
========================

dim=3
10	26902
15	28517
20	29800
25	30659
30	31154
35	31639
40	32162
45	33169
50	37819
55	39970

dim=4
10	1139
15	1210
20	1272
25	1305
30	1323
35	1341
40	1358
45	1376
50	1393